[jeremy.jpg]
filters=autolight=1;fill=1,0.345794;finetune2=1,0.000000,0.000000,0.000000,008c8080,0.426901;
moddate=4e0dc07f2cc2cf01
width=1080
height=1080
textactive=0
